1.21013468623549 10.16253804975579
7.7059332228819 4.06467101966746
7.25303170271149 6.38871491606296
2.34860240075027 1.83405758594747
0.46073123239883 2.99947043005993
2.18661050812043 8.22168839864424
2.31192771983348 0.20686464831967
2.43907765672096 9.80091348517222
3.73946865536779 9.03900396393443
1.68232635480613 10.39491181851787
1.4058216601919 8.67072353676742
5.4364149674302 6.55986437933127
6.06006168535394 6.79934451439983
7.70325976866141 6.23682045269277
2.7828566124589 1.91276305570287
2.04432819780642 9.79757012604858
6.40570393713983 4.82406100458403
6.82305672066892 5.72329160501477
2.06767207512416 10.83939766841996
2.29599315136681 9.69547620526814
1.65899883598539 10.35151226902346
7.01332660040423 5.77841551638028
5.22395143558216 4.08734140718237
6.29401924842353 4.02384427034195
0.80850866424314 1.59313227944045
1.07776344617964 10.17278734370691
6.13148704741987 4.44109327479369
0.37133736916273 2.75766121461162
2.63455215569328 1.4021181540798
1.66941338733994 9.35109000927528
5.14924769764287 5.01401413576402
1.30530641384049 10.17672121996958
0.5440144318988 1.87292383861966
1.71988971882764 9.08207219932027
7.0137109418237 6.83409093450716
0.7876667702574 1.62240038365332
3.46658124090352 9.45416090150262
1.38640060609394 0.69666369004011
1.77743882193559 1.15764735606135
6.29727324007864 5.18776451934576
1.34888646462096 2.84153316283976
2.5308179474204 2.20842487790114
6.44010733972126 6.00915909165242
2.8277652770217 0.76768194122835
3.03578420226687 10.23354202043777
3.15768491868604 10.16993019968661
2.83217420642503 8.80903428451312
7.84914866744931 6.59581776602959
0.18674914327015 0.06602565658101
1.14126890638802 8.66936182469661
3.687157941116 9.77071702568157
7.74992987048414 4.7353917633948
1.95816755683464 10.7695351413663
1.93159732218595 9.55020983146859
6.7396067065734 4.8643430601418
6.36887853240003 5.22496095538082
1.17152239755103 8.8724540295181
2.65159999751998 10.19119088537667
2.63882275458273 8.71390660862922
1.98915926729903 1.21716496722025
2.96753994139091 0.95520095358454
2.851439270213 2.64669017179211
1.74733980208554 2.99190066543723
2.04580911961279 9.67680299986216
7.06958960206901 4.75786442780986
2.20092288078552 1.07551871353983
6.0220040599715 5.48611735398823
1.28718930171767 10.02465430519101
0.83501708513475 0.00517128262338
6.5023778265804 6.9812526195027
6.3643288357673 6.15816224004497
0.95082308276934 2.53583225198871
1.08207932741178 2.68219595733483
1.2167372295066 1.9745126395296
0.27801368516399 2.38025099457396
2.13295647728535 1.62557206801053
1.07936886713371 8.61985767843271
5.27323160223612 6.71930626449682
7.84212201648569 4.36830418414861
0.91350993642924 0.74255426287568
0.29706472301817 2.48513081732225
1.40982385546462 10.13610597551781
3.3560381256792 8.49443793326723
6.52887796771203 4.75778062229734
2.17101776970276 1.15278198131573
1.89630244979603 10.4201765162629
2.57378877277313 8.97893692777077
1.14982489793547 0.153856125323
2.2575204226398 9.92182232031032
5.45484854109998 5.82717125246833
1.747940581782 1.56257071585745
5.9834949042119 4.35600854734374
5.13243803896224 5.55686411891027
6.59241005096672 5.84537964047977
0.44156922630743 2.71346375586738
2.01482532058792 9.71435826431593
2.03369644194165 0.2057961354165
5.26473342836453 4.8562830359423
1.07509484307299 0.61317436715737
3.40449815914918 8.64073272536335
3.95894066853837 10.93322223796201
3.54806775432751 8.89217232505678
0.17459562098022 1.89918575347248
5.08244908306171 4.9193461159919
0.92130947793067 2.7157141356708
2.05208691637576 1.03522703090017
6.20371781358692 5.87773707701751
7.31770738166442 5.21745651943856
2.18021851006155 8.6208352525011
1.444961964453 0.34538139588339
0.90944621614982 0.29867695937131
0.85270575446821 2.57686692925779
2.05875364563853 8.52216824322117
5.64273849058914 4.79713988766473
2.94957099294677 0.51442797240256
2.40765984820142 8.93111781254269
0.42795664267496 0.5197615864049
0.52034470875517 2.62916638410745
2.59563721886792 8.64745762305285
6.03280951462493 5.76890165722731
1.94676588456669 9.07702464651282
5.55794535023577 6.96159177667565
2.5426696965475 0.25699981377728
6.41901298483336 6.38250119922265
5.99333133712217 6.30617954427022
7.80553493709968 6.97557366874159
3.314057775821 10.09253631313722
6.5314106052012 5.51493113393076
2.01030079033751 9.21508958300227
5.37720235415297 4.03461061191466
1.16768205800716 8.570248538738
5.83634709512633 4.89205936284803
2.44174924119462 9.40060726445933
5.13294362107193 5.52063004955162
1.45057854272118 9.08114440399136
5.535697610569 5.57248969408728
1.97119031057619 2.31700239346065
6.28504118678109 4.18444832806021
2.66085803481284 2.28026072993235
6.44069456705907 4.26998844297654
5.76347953335454 5.4478777213488
0.53320469146711 1.91816458070194
2.69010248463532 2.08101300021966
6.63907953868993 4.06678271555059
2.84104598560211 9.52405628108695
3.01284226529183 10.99860884010537
2.28898848688238 0.86540283614454
2.6527728114781 2.61853108529755
1.58436108368146 9.00614933936448
7.37974997760271 4.9116996683068
